<?xml version="1.0"?>
<opencv_storage>
<nCameras>2</nCameras>
<camera_matrix_0 type_id="opencv-matrix">
  <rows>3</rows>
  <cols>3</cols>
  <dt>f</dt>
  <data>
    1.04207422e+03 0. 1.02204871e+03 0. 1.03889465e+03 4.66834595e+02 0.
    0. 1.</data></camera_matrix_0>
<camera_distortion_0 type_id="opencv-matrix">
  <rows>1</rows>
  <cols>5</cols>
  <dt>f</dt>
  <data>
    2.44961202e-01 -4.40870404e-01 -4.18161638e-02 2.06354465e-02
    6.12741411e-01</data></camera_distortion_0>
<camera_pose_0 type_id="opencv-matrix">
  <rows>4</rows>
  <cols>4</cols>
  <dt>f</dt>
  <data>
    1. 0. 0. 0. 0. 1. 0. 0. 0. 0. 1. 0. 0. 0. 0. 1.</data></camera_pose_0>
<camera_matrix_1 type_id="opencv-matrix">
  <rows>3</rows>
  <cols>3</cols>
  <dt>f</dt>
  <data>
    15314927. 0. 5.39500000e+02 0. 14918168. 3.59500000e+02 0. 0. 1.</data></camera_matrix_1>
<camera_distortion_1 type_id="opencv-matrix">
  <rows>1</rows>
  <cols>5</cols>
  <dt>f</dt>
  <data>
    2.03506119e-07 1.65370544e-16 -7.63819116e-06 7.33316938e-06
    1.50556877e-25</data></camera_distortion_1>
<camera_pose_1 type_id="opencv-matrix">
  <rows>4</rows>
  <cols>4</cols>
  <dt>f</dt>
  <data>
    1. 0. 0. 0. 0. 1. 0. 0. 0. 0. 1. 0. 0. 0. 0. 1.</data></camera_pose_1>
<meanReprojectError>72953216.</meanReprojectError>
<pose_timestamp_101 type_id="opencv-matrix">
  <rows>4</rows>
  <cols>4</cols>
  <dt>f</dt>
  <data>
    9.87435997e-01 -1.39277384e-01 -7.46457726e-02 -4.42093801e+00
    1.55751184e-01 9.37579036e-01 3.10945570e-01 -1.92071629e+00
    2.66786236e-02 -3.18665028e-01 9.47491884e-01 3.65861855e+01 0. 0.
    0. 1.</data></pose_timestamp_101>
<pose_timestamp_127 type_id="opencv-matrix">
  <rows>4</rows>
  <cols>4</cols>
  <dt>f</dt>
  <data>
    9.60499883e-01 3.26957740e-02 -2.76352882e-01 -7.18557930e+00
    4.43289876e-02 9.62416291e-01 2.67936170e-01 2.99452692e-01
    2.74726897e-01 -2.69603103e-01 9.22951400e-01 2.77628174e+01 0. 0.
    0. 1.</data></pose_timestamp_127>
<pose_timestamp_137 type_id="opencv-matrix">
  <rows>4</rows>
  <cols>4</cols>
  <dt>f</dt>
  <data>
    9.62842345e-01 2.88704745e-02 -2.68516541e-01 -7.13205481e+00
    4.03884538e-02 9.67694640e-01 2.48869270e-01 2.34765828e-01
    2.67026991e-01 -2.50466824e-01 9.30571318e-01 2.78268490e+01 0. 0.
    0. 1.</data></pose_timestamp_137>
<pose_timestamp_149 type_id="opencv-matrix">
  <rows>4</rows>
  <cols>4</cols>
  <dt>f</dt>
  <data>
    9.73723173e-01 1.44268656e-02 -2.27277577e-01 -6.80786228e+00
    3.84893119e-02 9.73209500e-01 2.26675659e-01 -1.92768419e+00
    2.24458918e-01 -2.29467094e-01 9.47081327e-01 2.71723137e+01 0. 0.
    0. 1.</data></pose_timestamp_149>
<pose_timestamp_150 type_id="opencv-matrix">
  <rows>4</rows>
  <cols>4</cols>
  <dt>f</dt>
  <data>
    9.71061170e-01 2.09059827e-02 -2.37914056e-01 -6.76593494e+00
    3.84505168e-02 9.69482005e-01 2.42128521e-01 -1.69638944e+00
    2.35715330e-01 -2.44269520e-01 9.40622509e-01 2.68749390e+01 0. 0.
    0. 1.</data></pose_timestamp_150>
<pose_timestamp_18 type_id="opencv-matrix">
  <rows>4</rows>
  <cols>4</cols>
  <dt>f</dt>
  <data>
    9.66559350e-01 4.98727523e-02 -2.51546770e-01 -8.07289410e+00
    3.06673460e-02 9.51387942e-01 3.06464463e-01 -5.97691357e-01
    2.54602790e-01 -3.03930372e-01 9.18043435e-01 3.48475227e+01 0. 0.
    0. 1.</data></pose_timestamp_18>
<pose_timestamp_187 type_id="opencv-matrix">
  <rows>4</rows>
  <cols>4</cols>
  <dt>f</dt>
  <data>
    9.60203588e-01 1.49472103e-01 -2.35938847e-01 -7.53962421e+00
    -9.49794576e-02 9.69149768e-01 2.27437094e-01 3.98856616e+00
    2.62655586e-01 -1.95976570e-01 9.44777846e-01 2.67626057e+01 0. 0.
    0. 1.</data></pose_timestamp_187>
<pose_timestamp_188 type_id="opencv-matrix">
  <rows>4</rows>
  <cols>4</cols>
  <dt>f</dt>
  <data>
    9.57185686e-01 1.66711137e-01 -2.36649558e-01 -7.65104914e+00
    -1.11681715e-01 9.66898501e-01 2.29421988e-01 4.27771330e+00
    2.67063290e-01 -1.93170011e-01 9.44119990e-01 2.67116261e+01 0. 0.
    0. 1.</data></pose_timestamp_188>
<pose_timestamp_194 type_id="opencv-matrix">
  <rows>4</rows>
  <cols>4</cols>
  <dt>f</dt>
  <data>
    9.55250502e-01 1.70980275e-01 -2.41375789e-01 -7.70434713e+00
    -1.16942525e-01 9.67832029e-01 2.22767934e-01 4.06343365e+00
    2.71700144e-01 -1.84572086e-01 9.44516897e-01 2.67270317e+01 0. 0.
    0. 1.</data></pose_timestamp_194>
<pose_timestamp_199 type_id="opencv-matrix">
  <rows>4</rows>
  <cols>4</cols>
  <dt>f</dt>
  <data>
    9.64836955e-01 1.19133934e-01 -2.34300539e-01 -7.44540834e+00
    -7.20053241e-02 9.77084875e-01 2.00300753e-01 3.35723519e+00
    2.52794117e-01 -1.76386684e-01 9.51305866e-01 2.67213631e+01 0. 0.
    0. 1.</data></pose_timestamp_199>
<pose_timestamp_210 type_id="opencv-matrix">
  <rows>4</rows>
  <cols>4</cols>
  <dt>f</dt>
  <data>
    9.70399857e-01 -1.99764758e-01 -1.35713473e-01 -4.86821651e+00
    2.22441331e-01 9.58153427e-01 1.80171832e-01 -2.31023407e+00
    9.40423384e-02 -2.05027014e-01 9.74227905e-01 2.99352932e+01 0. 0.
    0. 1.</data></pose_timestamp_210>
<pose_timestamp_213 type_id="opencv-matrix">
  <rows>4</rows>
  <cols>4</cols>
  <dt>f</dt>
  <data>
    9.72636104e-01 -1.96142629e-01 -1.24527663e-01 -5.09288692e+00
    2.17808798e-01 9.56331968e-01 1.94906294e-01 -2.28121376e+00
    8.08603540e-02 -2.16696113e-01 9.72884595e-01 3.02536736e+01 0. 0.
    0. 1.</data></pose_timestamp_213>
<pose_timestamp_215 type_id="opencv-matrix">
  <rows>4</rows>
  <cols>4</cols>
  <dt>f</dt>
  <data>
    9.73996222e-01 -1.88755944e-01 -1.25309750e-01 -5.21099710e+00
    2.10540473e-01 9.58372712e-01 1.92858741e-01 -2.17010546e+00
    8.36902037e-02 -2.14226469e-01 9.73192155e-01 3.01188774e+01 0. 0.
    0. 1.</data></pose_timestamp_215>
<pose_timestamp_236 type_id="opencv-matrix">
  <rows>4</rows>
  <cols>4</cols>
  <dt>f</dt>
  <data>
    9.33131695e-01 -4.13164087e-02 -3.57152879e-01 -7.78625298e+00
    1.12940334e-01 9.76775527e-01 1.82082668e-01 -1.25681949e+00
    3.41335207e-01 -2.10244074e-01 9.16126490e-01 2.53435383e+01 0. 0.
    0. 1.</data></pose_timestamp_236>
<pose_timestamp_263 type_id="opencv-matrix">
  <rows>4</rows>
  <cols>4</cols>
  <dt>f</dt>
  <data>
    9.80027497e-01 -1.42577877e-02 -1.98350102e-01 -6.42772627e+00
    5.85331731e-02 9.73922849e-01 2.19198957e-01 9.16982174e-01
    1.90052405e-01 -2.26431072e-01 9.55305755e-01 2.92237644e+01 0. 0.
    0. 1.</data></pose_timestamp_263>
<pose_timestamp_282 type_id="opencv-matrix">
  <rows>4</rows>
  <cols>4</cols>
  <dt>f</dt>
  <data>
    9.74512637e-01 -3.19633149e-02 -2.22043842e-01 -6.75441885e+00
    6.20355867e-02 9.89596248e-01 1.29810780e-01 3.49343270e-01
    2.15584576e-01 -1.40276864e-01 9.66356933e-01 2.81088409e+01 0. 0.
    0. 1.</data></pose_timestamp_282>
<pose_timestamp_73 type_id="opencv-matrix">
  <rows>4</rows>
  <cols>4</cols>
  <dt>f</dt>
  <data>
    9.39734101e-01 1.52537405e-01 -3.05993736e-01 -1.19201202e+01
    -4.18737978e-02 9.39573169e-01 3.39777619e-01 1.31865036e+00
    3.39332312e-01 -3.06487501e-01 8.89336288e-01 2.91007595e+01 0. 0.
    0. 1.</data></pose_timestamp_73>
<pose_timestamp_89 type_id="opencv-matrix">
  <rows>4</rows>
  <cols>4</cols>
  <dt>f</dt>
  <data>
    9.64036167e-01 7.79023021e-02 -2.54097402e-01 -1.00441856e+01
    -9.61541757e-03 9.65673745e-01 2.59579957e-01 2.38034517e-01
    2.65597075e-01 -2.47801229e-01 9.31693494e-01 3.00518227e+01 0. 0.
    0. 1.</data></pose_timestamp_89>
<pose_timestamp_93 type_id="opencv-matrix">
  <rows>4</rows>
  <cols>4</cols>
  <dt>f</dt>
  <data>
    1. 0. 0. 0. 0. 1. 0. 0. 0. 0. 1. 0. 0. 0. 0. 1.</data></pose_timestamp_93>
</opencv_storage>
